0.92694857237492 1.12980444269199
1.69788128480757 1.58941063638904
1.30110279835175 1.11719665845606
1.00668876812394 0.51898310597963
1.9908937111059 1.92103427729401
0.748011463948898 1.84054358673566
0.910138900788404 1.24844657050464
0.991027945037173 0.95728062457362
1.58867318999584 1.10816294676051
0.482352024705783 0.493493873966696
0.836983055506205 0.914035462569259
1.28537251263822 0.718506590086891
0.622519445283445 0.377673978899886
1.26698029496838 0.763615161956871
1.39755542845716 1.12683167973542
1.13234572193895 1.29782203865751
1.49481438161813 1.58070877043373
0.185965728987324 0.44902337614235
0.832879000846024 1.19239477909601
0.883879467295792 0.941837851826318
3.18667971004976 1.46876007922491
2.98240043213241 2.40564498373934
2.11231635988455 0.949417720389784
2.96989222792041 1.88349322988196
3.66711185529702 2.49545592085551
3.06787526611916 1.39912197061028
2.58043294366969 2.50557759711777
3.3419193400301 2.68745590777982
2.88821874099114 1.30334252353024
2.87055223149184 1.58404612570539
2.79836840955024 1.78446293790464
2.83351148896008 2.19871678234996
2.50091849708828 1.61039643506605
3.13194550979269 1.73327372551532
3.48469234414726 2.49704070634539
2.7349728885601 1.64814772920236
3.22876369065552 1.81097404153132
3.6801946434806 2.02795774611203
3.62435618893077 2.71011621580641
3.09556654067937 2.06986712634058
0.963003845946629 3.30872327773042
0.791751418973568 3.53298872985164
0.608500345478123 3.57190307951986
1.07161689418016 3.43558349488321
0.952493734924789 3.50957825748064
0.277465720726729 3.73886290250232
0.999884493077744 3.92358786126112
0.35629208628224 2.90800531525667
1.00804814832769 3.02919492236926
0.649237691184092 2.65687704446497
1.3755981059516 3.83668929063283
0.867522341585523 3.33942062014291
1.30171260250549 3.85299677795803
0.643809047444708 2.95305986952917
0.367321244001782 2.65328284846995
1.18982589866201 3.55689785933491
0.944425713451925 3.52583816959729
0.641836970225995 3.20797929519495
1.20621042048037 3.20374807745135
1.12740259318062 3.78109971309625
3.74250992362356 4.09548070255565
3.60586803081325 4.8147961749068
3.25135844753502 4.74180037500047
3.54376863481251 4.37931497546911
2.6370079092451 3.79454709721829
3.63338405398938 4.51842491871944
2.94748882738303 4.54662575864933
3.72304010050909 4.36509118483041
3.40030118615845 3.7221574801545
3.70221815698689 4.49073911497013
2.96253763735734 4.36127288811082
2.97699205319009 3.52650289978164
3.73596352212859 4.3129230452131
2.16050987102184 4.88731872803861
3.11366120955227 4.300215483268
3.36089694456449 3.73050669553259
3.68656732505814 5.20490175050937
3.17588530898452 4.25508955577918
4.21242468316992 5.05198423179521
3.53028022759593 4.83793034792594
